DEFLON=13.054457
DEFLAT=52.389375
URL=status.freifunk-potsdam.de
